a2dp.Vol
81
[48, 50]
[58, 61, 92]
[75]
[15]
[32]
[30]
[27, 64]
[28]
[31]
[45]
[20]
[40]
[52, 55]
[67]
[25]
[93]
[53]
[63]
[0]
[57]
[99]
[19]
[11, 76, 96]
[7]
[1, 79, 80]
[69]
[72]
[18, 91]
[62]
[13]
[83]
[87]
[46]
[94]
[44]
[85]
[90]
[14]
[24]
[5]
[10, 81]
[70]
[21, 54]
[86]
[3]
[68]
[38]
[84]
[33]
[42]
[49]
[35]
[47, 88]
[56]
[12, 82]
[39]
[71]
[73, 74]
[78]
[41, 89]
[9]
[16]
[37]
[2, 8]
[65]
[95]
[36]
[29]
[22]
[51]
[26]
[77]
[23, 60, 66]
[59]
[43]
[98]
[6]
[17]
[34]
[97]
[4]
acr.browser.barebones
12
[8, 9]
[81, 82, 83, 84]
[90, 91]
[0, 1, 2, 3, 4, 5, 6, 7]
[69, 70, 71, 72, 73, 74, 75]
[10, 11, 12, 13, 14, 15, 16, 17, 18, 19, 20, 21, 22, 23, 24, 25, 26, 27, 28, 29, 30, 31, 32, 33, 34, 35, 36, 37, 38, 39, 40, 41, 42, 43, 44, 45, 46, 47, 48, 49, 50, 51, 52, 53, 54, 55, 56, 57, 58, 59, 60, 61, 62, 63, 64, 65, 66, 67, 68]
[76]
[85]
[92, 93, 94, 95, 96, 97, 98, 99]
[86, 87, 88, 89]
[79, 80]
[77, 78]
anupam.acrylic
26
[3, 30]
[33, 91]
[51]
[14, 42, 53, 59, 67, 79]
[5, 6, 7, 11, 29, 38, 41, 46, 48, 58, 73, 74, 96]
[84, 99]
[40]
[77, 80]
[17, 22]
[18]
[54]
[16]
[23, 25, 45, 63]
[1]
[49]
[0, 2, 4, 9, 13, 20, 26, 32, 36, 44, 47, 52, 55, 60, 62, 65, 72, 75, 82, 83, 85, 89, 90]
[21]
[37, 78, 87, 98]
[43, 69]
[15, 24, 31, 34, 35, 39, 61, 71, 88, 94]
[8, 12, 28, 50, 70, 86, 95]
[76]
[68]
[10, 19, 27, 56, 57, 66, 97]
[64, 81, 93]
[92]
at.univie.sensorium
42
[54, 57]
[51]
[28, 69, 70, 71, 81, 84, 96]
[12, 61]
[33, 73, 90]
[29]
[39, 83, 87]
[64]
[20, 40, 72, 95]
[22, 27, 79]
[4, 6, 7, 8, 9]
[17, 18, 23]
[10, 43, 49, 60, 66]
[75]
[47]
[74]
[32, 36, 76]
[46]
[13, 62]
[38, 85, 86, 91, 92, 97]
[52, 53, 55]
[59]
[11, 14]
[37, 68, 89]
[88]
[25, 30, 93]
[15, 41, 56, 58, 65]
[16]
[19, 31, 35, 67, 77, 94]
[0, 2, 3]
[63, 99]
[48]
[78]
[21, 34]
[1]
[80]
[24, 26, 82]
[98]
[44]
[42]
[5, 50]
[45]
com.andrew.apollo
81
[63]
[21]
[58]
[9]
[33]
[68]
[81]
[66]
[47]
[79]
[42]
[88]
[8]
[41]
[53]
[43]
[34]
[27]
[99]
[14, 31, 96]
[46, 86]
[19]
[97]
[77, 82]
[62]
[67]
[80]
[83]
[2, 3, 10, 25, 28, 40, 61, 72, 95]
[7]
[36]
[13, 22]
[12]
[16]
[54]
[49]
[52]
[64]
[29]
[44]
[78]
[6]
[55]
[32]
[91]
[20]
[15]
[17]
[1]
[51]
[85]
[60, 70, 73]
[89]
[69]
[38]
[75]
[71]
[94]
[84]
[87]
[4]
[93]
[90]
[59]
[50]
[98]
[74]
[30, 76]
[39]
[35]
[92]
[5, 24, 65]
[57]
[45]
[18, 56]
[23]
[37]
[26]
[11]
[48]
[0]
com.github.cetoolbox
12
[3, 8, 11, 16, 18, 21, 23, 31, 34, 53, 67, 68, 74, 91, 97, 98]
[0, 4, 5, 6, 7, 10, 12, 15, 17, 22, 25, 28, 30, 32, 33, 36, 37, 40, 45, 46, 47, 48, 51, 55, 56, 57, 59, 61, 62, 64, 69, 70, 71, 72, 73, 75, 76, 77, 81, 83, 84, 85, 86, 89, 90, 92, 93, 94, 96, 99]
[82, 88]
[14]
[20, 29]
[9, 41, 49, 54, 79, 95]
[38, 42, 43, 44, 60, 78, 80]
[1, 19, 24, 26, 35, 39, 50, 58, 65]
[52]
[27, 87]
[13, 63, 66]
[2]
com.maxfierke.sandwichroulette
17
[40, 81, 94]
[53]
[31, 33, 44]
[8, 61]
[2, 7, 10, 14, 15, 16, 20, 21, 24, 30, 57, 73, 77, 78, 80, 84, 88, 98]
[35, 42, 43]
[25]
[13, 91]
[49]
[62, 65, 70, 74]
[45]
[1]
[9, 28, 72, 83]
[5, 19, 85, 87]
[51]
[0, 3, 6, 11, 12, 17, 18, 22, 23, 26, 27, 29, 32, 34, 36, 37, 38, 39, 41, 46, 47, 48, 50, 52, 54, 55, 56, 58, 59, 60, 63, 64, 66, 67, 68, 69, 71, 75, 76, 79, 82, 86, 89, 90, 92, 93, 95, 96, 97, 99]
[4]
com.nolanlawson.apptracker
44
[44, 46, 53]
[94]
[32]
[12, 15]
[80]
[87]
[81]
[3, 4, 22, 28, 36, 68]
[60, 62, 76, 84]
[65]
[6]
[38, 71, 72, 86, 89]
[96]
[77]
[8]
[56]
[0, 54]
[1, 78]
[50, 66]
[92]
[83]
[11]
[19]
[51]
[5, 40, 64, 67]
[13, 43]
[49]
[2, 20, 29, 30, 34, 35, 55, 57, 58, 63, 69, 70, 73, 85, 88, 90]
[7]
[23, 31, 61, 75]
[41, 48, 52]
[9]
[10, 47]
[16, 42]
[59]
[79]
[21, 24, 25, 26, 27, 37, 39, 74]
[82, 93, 95, 97, 99]
[17]
[18, 45]
[91]
[14]
[33]
[98]
com.teleca.jamendo
73
[3]
[16]
[19]
[67]
[18]
[44]
[81]
[30]
[80]
[40]
[49]
[78]
[22]
[6]
[25]
[31]
[57]
[38]
[54]
[77]
[60]
[13]
[34]
[23, 75]
[11, 15, 21, 24, 52, 73, 92]
[98]
[35]
[50]
[14, 47]
[33]
[59]
[17]
[87]
[99]
[58]
[79]
[74]
[32]
[5]
[93]
[8]
[26, 37, 62]
[0]
[41]
[70, 72, 85]
[94]
[65]
[2]
[53]
[51]
[12]
[36, 45]
[42, 46, 64, 84, 86]
[27]
[4]
[69]
[29, 48, 83]
[61]
[66]
[55, 82, 90, 91, 95, 96, 97]
[68]
[71]
[20]
[10]
[9, 28, 63]
[43]
[76]
[89]
[88]
[56]
[39]
[1]
[7]
com.templaro.opsiz.aka
36
[38]
[26]
[1, 16, 30, 54, 55, 57, 59, 60, 66, 76, 77, 78, 83, 90, 92, 95, 98]
[4, 96]
[0, 15, 24, 28, 34, 46, 48, 67, 69]
[61]
[56]
[47]
[39]
[23]
[8, 49, 65, 82]
[32]
[36]
[64]
[27, 37]
[6]
[31, 63, 75]
[93]
[40, 84]
[2]
[51]
[53]
[3]
[71]
[29, 72]
[97]
[7, 9, 10, 11, 12, 13, 14, 17, 18, 20, 21, 33, 35, 41, 45, 50, 62, 70, 73, 81, 86, 87, 88, 91, 94]
[22, 25, 44, 52]
[58]
[68]
[5]
[19]
[43, 74, 79, 89]
[85]
[42, 99]
[80]
de.hechler.andfish
18
[4, 40, 88]
[28]
[19, 22, 30, 38, 39, 44, 62, 67, 69, 77, 83, 94]
[0, 6, 51, 59, 64, 78, 79, 81, 84, 86, 87, 91, 93]
[57]
[92]
[12, 72]
[16, 54, 73]
[2, 10, 21, 34, 36, 37, 60, 63, 71]
[18]
[3, 11, 14, 15, 23, 29, 35, 43, 47, 48, 50, 52, 53, 56, 58, 65, 66, 68, 70, 74, 76, 80, 82, 90, 95, 96, 97]
[5, 7, 8, 9, 17, 26, 27, 31, 32, 41, 42, 45, 49, 55, 61, 75, 99]
[13]
[33]
[25]
[85]
[1, 20, 24, 46, 89]
[98]
fr.asterope
14
[31, 37, 39, 41]
[0, 2, 19, 24, 25, 30, 33, 40, 44, 46, 49, 56, 57, 63, 64, 69, 73, 79, 82, 84, 93, 94, 97, 99]
[38, 66, 71]
[96]
[4, 9, 48, 51, 54, 76, 81, 98]
[10, 17, 18, 34, 52, 55, 58, 60, 67, 68, 78, 83, 85, 86, 89, 92]
[11, 12, 13]
[5, 7, 8, 20, 22, 23, 32, 36, 50, 61, 72, 87, 88]
[1, 3, 6, 16, 42, 43, 53, 59, 75, 90, 95]
[15]
[29, 45, 74, 77]
[14, 26, 27, 35, 62, 65, 70]
[47, 91]
[21, 28, 80]
net.sourceforge.opencamera
79
[90]
[17, 22, 23]
[24]
[59, 60]
[61]
[89]
[5]
[57]
[79]
[46]
[1]
[28]
[91]
[72]
[78]
[30]
[26, 38]
[6]
[33, 36]
[16, 21, 29]
[49]
[52]
[67]
[2]
[53, 75]
[45]
[94]
[86]
[47]
[73, 74]
[87]
[20]
[14]
[43]
[82]
[10]
[8]
[18, 27]
[66]
[15]
[40]
[70]
[51]
[54]
[56]
[68]
[96]
[9]
[31]
[32]
[42]
[50]
[71]
[55]
[44]
[11]
[0]
[58]
[69]
[13]
[19, 35]
[95]
[3]
[25, 34, 37, 41]
[81]
[48]
[83, 85]
[92]
[98]
[80]
[76]
[88]
[12]
[63, 77, 93]
[7]
[39]
[4]
[62, 64, 65, 84, 99]
[97]
org.blockinger.game
55
[85]
[23]
[95]
[2]
[43]
[18]
[3, 30]
[37, 42]
[10]
[40]
[94]
[60]
[12]
[67]
[5]
[73]
[11]
[66]
[32]
[44]
[53, 68]
[64]
[62]
[41]
[96]
[9, 15, 55, 61, 83, 92]
[20, 22, 26, 71, 80, 84, 86, 89]
[17, 81]
[25]
[63]
[87]
[16]
[24, 47, 52, 82]
[0, 50, 70, 72, 75]
[39]
[56]
[31]
[1, 4, 7, 27, 28, 38, 46, 57, 58, 59, 69, 77, 79, 88, 91]
[93]
[13]
[21]
[54]
[99]
[33]
[51]
[45, 78]
[29]
[19]
[8, 74]
[6]
[14, 65]
[35]
[36]
[34, 48, 49, 76, 97, 98]
[90]
org.quovadit.apps.andof
34
[45]
[44, 46]
[87]
[10, 23, 36, 96]
[32]
[48, 67]
[26]
[61]
[33, 80, 97]
[8, 13]
[14, 18, 20, 94]
[81]
[58, 83, 89]
[1, 2, 4, 5, 6, 7, 9, 11, 15, 16, 21, 25, 28, 29, 95, 98, 99]
[42, 78]
[62, 71]
[34, 38, 39, 50, 52, 53, 57, 59, 63, 72, 82, 88, 90]
[54, 56, 68, 74]
[41]
[0, 3, 22, 27, 30]
[40]
[43]
[37, 76, 84]
[35]
[85]
[12, 19, 31]
[17, 24]
[70, 73, 86]
[47]
[49, 55, 60, 65, 66, 75, 77]
[64, 69, 91, 92]
[79]
[51]
[93]
pro.oneredpixel.l9droid
46
[49, 96]
[11, 21, 24]
[37, 71, 72, 92]
[66]
[0, 1, 12, 17, 22]
[44, 63]
[52, 68]
[28]
[36]
[45]
[60, 84]
[74]
[3, 7, 10, 19, 23]
[27, 32, 42, 48, 50, 56, 64, 70, 81, 98]
[51]
[39]
[35]
[30, 46, 73, 83, 86, 87]
[91]
[75]
[77, 88]
[59]
[26]
[18]
[40]
[25]
[16]
[14]
[57, 58, 95]
[2]
[94]
[65]
[80]
[33, 85, 90]
[31, 34, 43, 47, 54, 55, 61, 62, 69, 76, 78, 79, 82, 89]
[6]
[9]
[38]
[99]
[15]
[41, 53, 67]
[5, 8, 13, 20]
[4]
[29]
[97]
[93]
