a2dp.Vol (100)

*23*
42
51
59
35
43
71
40
15
57
38
94
11
19
21
5
10
27
1
6
16
17
55
60

pro.oneredpixel.l9droid (100)
*17*
52
59
5
2
33
6
13
15
39
97
10
25
34
41
70
75
96

org.quovadit.apps.andof (87)

*9*
33
61
78
1
2
7
27
46
50


org.blockinger.game (100)

*28*
3
12
17
45
8
6
67
16
33
2
7
24
26
35
40
76
10
13
15
18
23
31
46
49
58
61
77
95


net.sourceforge.opencamera (100)

*31*
86
10
11
30
0
15
58
12
29
80
24
6
36
83
13
26
23
31
44
76
81
2
5
14
21
42
45
52
53
70
90

fr.asterope (73)

*11*
96
21
0
1
5
7
10
11
27
37
59

de.hechler.andfish (78)

*9*
25
6
85
2
15
17
21
24
97


com.templaro.opsiz.aka (96)

*16*
6
23
42
39
0
4
7
8
12
21
29
30
35
53
70
81

com.teleca.jamendo (100)

*32*
51
39
20
60
34
7
3
74
0
53
57
56
67
1
5
22
41
43
72
80
89
6
9
16
21
27
29
31
36
38
69
79

com.nolanlawson.apptracker (100)

*15*
77
83
6
91
12
3
94
25
27
22
87
5
20
24
44

com.maxfierke.sandwichroulette

*9*
49
5
25
53
4
3
6
7
8


com.andrew.apollo (100)

*34*
41
54
92
9
20
55
14
36
45
31
68
8
63
32
7
42
25
34
16
18
62
44
61
85
5
67
90
1
6
17
24
28
35
74


at.univie.sensorium (90)

*7*
46
98
11
1
7
12
30


anupam.acrylic (63)

*4*
80
16
54
84


acr.browser.barebones (100)

*19*
0
1
3
5
9
10
32
59
85
4
15
21
23
29
36
8
17
30
35





