a2dp.Vol (100)

*31*
43
42
51
21
15
85
84
59
54
83
82
77
74
71
64
57
50
49
48
45
4
81
78
76
19
1
99
90
16
61
55

pro.oneredpixel.l9droid (100)

*24*
25
40
94
35
36
15
59
53
96
68
63
93
92
37
65
87
83
46
45
51
30
89
76
70

org.quovadit.apps.andof

*13*
81
80
97
48
33
67
14
61
84
82
78
57
50


org.blockinger.game

*34*
99
36
32
31
6
13
5
56
30
19
90
3
95
94
93
35
10
2
96
40
33
39
73
37
42
60
23
81
66
18
17
98
71
49


net.sourceforge.opencamera

*45*
10
58
8
7
86
57
52
43
4
40
32
27
71
61
47
46
39
38
26
14
0
97
94
81
77
76
72
66
55
37
21
19
13
90
89
80
70
68
65
51
44
35
99
91
83

fr.asterope

*12*
96
77
74
45
39
37
34
18
92
55
7
5

de.hechler.andfish

*12*
85
25
62
67
39
19
17
28
30
99
75
13


com.templaro.opsiz.aka

*20*
51
5
79
74
39
93
99
96
75
38
31
2
23
88
81
25
21
8
12
7

com.teleca.jamendo

*40*
60
18
57
56
51
22
80
61
45
44
39
38
4
93
74
33
20
1
12
79
27
69
0
43
50
40
58
47
23
3
41
6
89
67
5
34
29
72
53
16


com.nolanlawson.apptracker

*22*
84
83
79
77
98
67
64
53
46
15
12
80
65
5
54
33
9
1
0
99
42
94

com.maxfierke.sandwichroulette

*13*
49
42
35
53
44
31
61
25
4
91
13
81
7

com.andrew.apollo

*47*
92
94
87
45
43
37
36
32
20
17
98
96
89
88
84
80
79
78
75
68
67
57
44
42
39
29
27
23
8
7
91
90
86
83
50
47
41
31
14
99
62
30
24
4
74
71
51

at.univie.sensorium

*10*
95
89
87
46
45
41
30
99
98
83


anupam.acrylic

*8*
98
95
51
50
18
16
6
80


acr.browser.barebones

*30*
70
6
88
76
0
69
65
77
7
67
82
80
11
8
85
83
79
75
12
4
86
73
66
2
1
81
9
3
96
58





